0 0.314453125 0.7236111164093018 0.14140625298023224 0.20000000298023224
0 0.7921614464124045 0.30763888160387676 0.20515625000000004 0.43861113627751663
0 0.7439757182863024 0.6836110965410869 0.2823611111111111 0.32444443980852766
0 0.4218663313653734 0.21930554827054344 0.1734548581308789 0.19472222884496052
0 0.3352691031826867 0.5447222050031026 0.18616320636537342 0.3383333273728689
0 0.275390625 0.2881944477558136 0.23359374701976776 0.1597222238779068
0 0.6656249761581421 0.17569445073604584 0.3531250059604645 0.22083333134651184
0 0.46875 0.79819446961085 0.3296875059604645 0.23694444874922438
0 0.5893055555555556 0.520694445768992 0.328125 0.3986110985279083
0 0.39642676883273653 0.3708238728841146 0.0922222222222222 0.2133333333333333
