0 0.5673090158568489 0.5086110885938009 0.0689930570456717 0.21055555721124017
0 0.55078125 0.9152777791023254 0.21718749403953552 0.1527777761220932
0 0.39375001192092896 0.12708333134651184 0.24531249701976776 0.25138887763023376
0 0.5718749761581421 0.18472221493721008 0.13437500596046448 0.25833332538604736
0 0.574999988079071 0.3291666805744171 0.078125 0.1388888955116272
0 0.15273436903953552 0.30000001192092896 0.30546873807907104 0.6000000238418579
0 0.45585936307907104 0.35624998807907104 0.21171875298023224 0.33472222089767456
0 0.764843761920929 0.7497222407658894 0.4703125059604645 0.40833334525426224
0 0.40703123807907104 0.737500011920929 0.2640624940395355 0.4972222149372101
0 0.6219539048936632 0.5044839096069336 0.0666666666666667 0.21
